2327
2341
2552
2963
1663
2521
2744
2433
2717
2442
2138
2564
1797
2171
2922
2375
2380
2178
2063
2950
2016
1491
1831
1348
1196
1472
2008
975
2254
2159
1525
1788
2330
2674
2500
2250
2206
2509
966
1279
2778
2080
2043
2072
1578
2329
2413
2254
2310
2876
2478
2157
2942
2201
3043
2019
2249
2838
2879
2045
2741
3044
2456
2535
2908
2398
3133
2533
2573
2565
2615
2810
2593
2320
2141
2785
1978
2298
1673
1874
2054
2475
2286
2926
2541
2949
2330
2435
2315
2854
2214
1454
2854
2153
2722
2876
3245
2789
2037
2359
2610
2805
2383
2254
2786
2875
2981
2313
2989
2716
147
748
601
1304
2081
2558
2161
2645
356
1114
2155
1914
2112
1912
2246
1944
2694
390
1432
1674
2238
2089
2513
2962
1402
994
714
759
419
1996
1679
709
2223
3045
66
576
329
1123
912
1019
1179
471
1004
615
1257
139
109
1598
2677
719
380
486
311
183
101
693
225
2724
2839
2488
1376
2797
1407
2788
816
1174
782
2412
548
342
2210
206
521
501
2314
2646
1705
796
830
1939
2196
1450
2374
1874
2022
2589
2234
2720
1772
2506
2800
2622
3007
2546
2570
2612
2653
2692
2469
2963
2232
2917
2607
2711
2859
2727
2404
2540
3031
2620
2476
2462
2886
2366
2839
2898
2034
2036
2437
1952
2846
2744
2112
1747
2558
1238
1402
1859
1814
2443
2650
1949
2677
3005
2609
1845
1947
2253
2391
2927
2580
2691
2780
2542
1672
2140
1321
2322
1552
304
1700
2220
1499
2507
1413
714
1705
1132
293
1292
415
257
279
1717
1269
2645
2080
271
1371
655
1725
868
136
1384
2000
682
336
914
384
1261
2311
2782
1372
838
691
301
724
2364
2220
1063
913
42
2517
1220
567
136
490
1133
817
315
1902
2510
1140
2377
926
107
1274
326
603
2346
3038
2619
415
1300
952
482
2077
420
1444
431
517
2558
1602
2179
2228
2676
2141
2763
2738
2834
2283
1671
1953
2623
2768
2472
2275
2969
1353
953
940
2910
2552
2852
2981
2711
2019
2773
2729
2670
2683
2807
2835
2503
3098
2035
2792
2764
2800
2768
2892
3165
2640
2871
2716
2725
1890
2978
2701
2316
2718
2602
2905
3060
2814
2576
1492
1562
2167
1851
1031
1684
1
1465
1677
1338
1992
2518
941
1708
2721
2499
2436
2933
1407
2264
2423
1551
2879
2383
2498
1861
2622
2674
2510
2078
2241
2327
1490
1745
2534
2331
2444
2268
1958
2440
2494
2722
2197
2414
1851
2278
2627
1870
2395
2588
2307
2808
2864
2510
1442
2821
2818
2451
1711
3104
1608
625
287
531
2088
2134
2630
2439
22
239
437
592
1234
2139
2058
2908
898
1897
837
1201
1936
2092
771
2262
1113
1833
593
2571
1117
1386
1384
724
2182
2471
1553
2997
2182
1469
2119
2182
2234
2312
2117
2370
2797
1
2823
2327
2371
2712
2777
2012
2575
2417
2847
2792
2490
2534
2876
1800
1731
2839
2348
2205
2167
2480
2760
2828
2698
2390
2950
1598
2730
2425
2640
3131
2549
2402
2690
2563
2670
3156
1978
2545
1005
2059
2532
3033
2650
2998
2133
2335
2518
2342
2657
2667
2833
2748
2439
2570
2858
2835
2948
2662
2866
1903
2833
2081
2978
2588
2196
2038
2396
2504
2394
1469
1934
2643
2637
2536
2617
2313
2872
2753
2553
2250
2656
2317
1947
2436
2330
1657
2904
2332
2347
2046
1860
2282
2349
2501
2278
1697
2231
2225
2531
2316
2107
2324
2143
1732
2490
2039
2265
656
2219
1144
2222
983
240
1
1564
1133
1276
1127
737
2078
320
1623
1954
1310
2428
2406
2168
2237
1679
2680
1941
2221
2044
2460
2518
2430
2166
2771
2287
2952
2891
2179
2509
2162
2687
2749
2564
2590
3010
1178
2682
2963
2617
1910
749
2736
2175
1443
1579
1241
1939
2318
1846
2765
3008
2984
2696
2743
2685
2301
2930
2180
2910
2797
2728
2421
2288
3030
2994
2987
3042
2890
2336
2715
2666
2082
2284
2430
2696
1270
1816
2795
2603
2841
2642
2589
2370
2522
3018
2970
2317
2518
2961
2964
3152
2908
2225
2457
2294
2291
2603
2635
1906
1858
2130
2794
2843
1629
1501
2131
3078
3048
2953
1567
2574
2444
2765
2363
2476
1950
2603
2940
2977
2281
2327
2074
2003
2566
3138
1809
2120
2647
1994
2722
2629
2229
2399
2867
866
149
314
97
99
2547
1125
725
1156
2727
2007
2313
130
24
1813
102
885
2445
2382
2567
2468
678
1677
1881
166
1007
1422
1266
1011
2441
58
1280
573
256
1202
1011
452
2018
160
2092
2386
2053
1496
1310
2593
1048
2259
2589
2434
2536
1319
847
1673
1380
2287
2104
527
1865
2178
2743
796
2404
2539
1
2725
2801
2402
952
2631
1642
2660
2695
1996
2191
1396
68
668
2570
2416
1368
1661
1644
2786
2558
2783
2872
2962
2907
2944
2226
2707
2747
2831
2718
2794
2198
2314
2801
2117
2766
2867
2601
936
1593
2211
1993
2902
2808
2257
2593
2936
2398
2326
2251
2283
2477
2114
1953
