670
231
585
1978
125
422
173
1034
572
179
77
1347
232
61
2056
799
1311
76
169
3282
697
540
553
509
416
600
827
112
1006
1160
283
743
239
1155
2148
994
139
2005
-21
120
1183
918
173
470
343
54
1123
90
1123
2662
130
575
2179
142
1355
658
486
268
777
262
1107
2140
13
97
665
723
1902
27
816
1972
36
1023
1278
52
35
1967
188
391
258
87
290
433
333
50
664
1776
100
748
1028
1004
565
238
957
41
542
607
1728
343
712
224
165
3440
54
783
937
3235
2188
9
3189
2263
59
196
172
165
255
1782
424
1385
149
149
263
23
841
642
1551
1386
1425
133
588
76
1514
761
475
2283
580
390
322
327
28
482
1310
205
258
2413
40
289
112
585
443
487
567
243
480
292
628
40
5
405
1558
322
141
217
124
54
45
273
35
392
1829
1568
112
1652
345
1312
288
440
287
828
158
85
724
31
176
85
400
1312
461
63
262
652
651
426
691
230
94
1226
213
349
595
45
97
267
1355
736
66
76
120
1059
426
1533
1265
1500
878
394
32
23
774
212
1948
781
279
1724
1194
444
1095
959
467
451
891
905
1317
418
722
672
1334
116
243
189
179
86
1154
177
1184
1067
97
464
651
520
392
1299
2424
749
1160
1039
419
673
254
858
443
128
384
752
164
1083
405
46
684
352
98
370
152
48
79
538
183
1073
796
82
441
201
648
295
49
512
783
277
115
368
137
233
1060
1445
562
328
235
112
82
949
1170
418
315
-31
1056
468
194
54
181
412
178
257
751
978
279
1145
377
49
490
90
53
218
1992
952
181
465
311
88
660
66
465
111
54
899
191
394
412
438
139
1074
542
1402
217
351
180
975
869
948
16
1635
20
38
156
296
120
471
348
309
797
114
166
1973
891
999
234
114
2040
889
306
237
990
169
265
133
1041
126
1656
420
252
1628
710
36
331
13
647
1080
1613
517
247
370
438
125
216
631
19
376
510
540
410
1044
198
193
65
701
783
1032
207
80
590
408
1099
43
322
362
890
984
433
161
472
382
342
304
450
114
315
219
578
537
66
2162
182
997
42
550
1455
842
237
319
247
1152
1089
921
25
151
1524
351
1326
3009
535
193
89
12
268
442
705
2563
40
66
212
207
328
270
1136
1606
326
685
317
488
607
932
254
874
412
654
88
1072
194
444
75
71
51
915
222
2243
409
230
585
279
654
29
677
18
1430
27
432
359
1277
590
1275
54
246
404
268
1365
768
145
421
45
653
1273
949
151
238
354
410
973
557
138
871
198
427
13
196
77
858
123
956
149
996
2013
84
386
0
97
157
330
691
1137
39
362
240
282
300
204
311
655
440
810
440
689
29
522
244
229
492
132
1972
113
547
474
987
381
1564
140
867
826
1840
436
1385
238
2081
998
74
425
832
692
283
579
1221
107
1344
71
759
443
949
311
816
152
325
413
1072
76
52
2510
274
877
1156
249
635
126
1922
29
1051
192
1114
333
44
22
399
172
425
407
89
901
24
162
270
338
218
913
402
343
852
2290
380
641
847
409
635
481
204
1285
670
45
3745
149
891
197
488
586
211
516
2816
213
666
467
285
1657
78
982
488
20
35
235
17
560
500
242
210
1210
371
1127
450
49
1061
23
786
99
60
973
903
577
317
1520
518
573
469
131
916
222
98
257
629
86
582
645
-11
1013
32
774
376
320
269
286
784
498
268
2269
389
2995
7
263
345
335
363
831
95
91
198
220
318
283
146
329
797
162
3986
129
796
1407
191
431
336
84
781
1673
1218
358
47
336
489
180
2800
340
671
1158
464
1435
111
977
1210
1505
314
19
100
50
32
932
457
269
450
903
752
925
45
10
604
24
159
222
453
2064
1446
214
608
623
37
338
531
499
282
977
20
488
161
53
429
318
78
732
62
715
520
938
418
309
895
311
319
1268
474
1077
366
166
145
230
1200
553
120
491
230
1060
186
312
496
70
803
871
550
197
524
464
607
600
434
470
268
1
13
573
508
43
260
73
617
771
128
135
140
44
503
282
317
1360
1109
596
1457
181
822
986
173
1438
601
468
124
116
146
232
172
36
170
228
1543
1503
140
125
125
139
628
