0.6174163818359375
0.0
0.0
0.0
0.0
0.7019121646881104
0.021034955978393555
0.0010013580322265625
0.00933527946472168
0.010970830917358398
0.5734376907348633
0.4493424892425537
0.6433510780334473
0.014677047729492188
0.43576955795288086
0.011373281478881836
0.8292920589447021
0.040476322174072266
0.037726640701293945
0.3284742832183838
0.02033543586730957
0.01724863052368164
0.0
0.013213157653808594
0.6547613143920898
1.2521965503692627
1.0400233268737793
0.01603555679321289
0.012833118438720703
0.0039920806884765625
0.003990888595581055
0.9253175258636475
0.0059053897857666016
0.6189005374908447
1.7971808910369873
0.017092466354370117
0.014960289001464844
0.008313417434692383
0.007726907730102539
1.349663496017456
1.3024840354919434
1.3814997673034668
0.004157066345214844
0.9417798519134521
0.011006832122802734
0.6008765697479248
0.002991914749145508
0.6043083667755127
0.0
0.30716729164123535
0.01146388053894043
0.011968374252319336
0.9960899353027344
0.011150121688842773
0.00997304916381836
2.5370988845825195
0.0
0.0318150520324707
1.0577244758605957
0.5400047302246094
1.0325915813446045
0.03737378120422363
0.39855051040649414
0.8224887847900391
0.4012155532836914
0.0
0.7921760082244873
0.00917959213256836
0.0039899349212646484
0.010970115661621094
2.2566020488739014
0.016553401947021484
0.9701385498046875
1.1492702960968018
0.24090170860290527
0.0
0.013835430145263672
1.0723700523376465
0.3805224895477295
1.0559093952178955
0.0031228065490722656
0.0029931068420410156
0.000997781753540039
2.1278107166290283
0.009143829345703125
0.004984617233276367
0.0060350894927978516
0.0029413700103759766
0.3661959171295166
0.009554147720336914
0.006154060363769531
0.02047443389892578
1.2901463508605957
1.1404931545257568
0.0
0.02592158317565918
0.0
0.5939199924468994
0.00605320930480957
0.016156911849975586
0.8130006790161133
0.0
0.5581514835357666
0.02167987823486328
0.017863750457763672
0.9987161159515381
0.005122184753417969
0.009626626968383789
0.01826620101928711
0.3529021739959717
1.829216718673706
0.01495051383972168
0.9429683685302734
0.022830963134765625
1.0053677558898926
0.37927722930908203
1.1102185249328613
0.8456494808197021
0.0
0.009835481643676758
0.06038546562194824
0.14649677276611328
1.9213683605194092
0.024703025817871094
1.0257465839385986
0.00951838493347168
0.6012074947357178
0.008837461471557617
0.8806252479553223
0.009734869003295898
0.793769359588623
0.009774208068847656
0.0
0.00801539421081543
0.9242615699768066
0.018574237823486328
0.003989458084106445
0.5668964385986328
0.0
0.013702392578125
0.9430794715881348
0.02310633659362793
0.6514639854431152
0.30101776123046875
1.420464038848877
0.020070552825927734
1.0298027992248535
0.03049325942993164
0.001001596450805664
0.0
0.0009958744049072266
0.02338266372680664
0.0
0.010360956192016602
0.0
0.00598454475402832
0.0020558834075927734
0.005921363830566406
1.597783088684082
1.036123275756836
0.013481616973876953
0.0
0.001997232437133789
0.009605646133422852
0.014440774917602539
0.007611989974975586
0.5228619575500488
0.00512242317199707
0.004988908767700195
0.794048547744751
0.0
0.5735108852386475
0.019028425216674805
0.6737179756164551
0.5168752670288086
0.9342708587646484
0.01592087745666504
0.005982160568237305
0.1327342987060547
0.6482744216918945
0.7324817180633545
2.362598180770874
0.02069711685180664
0.007978200912475586
0.023511648178100586
1.7066929340362549
0.0
0.0066220760345458984
0.005697965621948242
0.01259613037109375
0.0019943714141845703
0.015326261520385742
1.3489422798156738
0.015280008316040039
0.00702357292175293
0.016924619674682617
0.0009961128234863281
0.0
0.007004261016845703
0.009975194931030273
1.7140190601348877
0.02189779281616211
1.8337600231170654
0.022011280059814453
0.008460521697998047
0.005982875823974609
0.003989219665527344
0.01196908950805664
0.01978135108947754
0.6928303241729736
0.02171182632446289
0.9102694988250732
0.9837019443511963
1.6515991687774658
0.01867508888244629
1.1838719844818115
0.0
0.01686573028564453
1.0074799060821533
0.0
0.009241819381713867
0.7546665668487549
0.22268342971801758
1.103349208831787
0.021675586700439453
0.2789943218231201
0.02924203872680664
0.027204513549804688
0.007808208465576172
0.6754705905914307
0.6344459056854248
0.570065975189209
0.0
0.006298542022705078
0.0
0.02689814567565918
0.6532764434814453
1.0176544189453125
0.21578311920166016
0.7013919353485107
0.7484049797058105
0.871234655380249
0.009921789169311523
0.8778753280639648
0.0
0.0038547515869140625
0.0
0.7132070064544678
0.018096446990966797
1.416196346282959
2.39920973777771
0.010586977005004883
0.8265292644500732
1.0896389484405518
0.8335635662078857
1.114593744277954
0.8412520885467529
0.6015655994415283
0.6040201187133789
0.014517068862915039
0.9855058193206787
0.015368461608886719
0.0002644062042236328
0.8710072040557861
0.5169920921325684
0.018605470657348633
0.006982088088989258
0.9239604473114014
0.9499292373657227
0.013760566711425781
0.01508474349975586
0.006508350372314453
0.8232145309448242
1.4210395812988281
0.008391141891479492
0.9764845371246338
0.013469457626342773
0.00404047966003418
0.004934787750244141
0.7661826610565186
0.014451265335083008
0.018863201141357422
1.252152681350708
0.036870479583740234
0.6380853652954102
0.7687225341796875
0.016535282135009766
0.0
0.005982875823974609
0.01296544075012207
0.2438061237335205
1.0403473377227783
0.47928571701049805
0.9877767562866211
0.019677400588989258
0.0010001659393310547
0.0
2.78717041015625
0.00386810302734375
0.007003307342529297
0.0009419918060302734
1.1955161094665527
0.036937713623046875
0.0051136016845703125
0.9356448650360107
0.0
0.002917051315307617
0.2913646697998047
0.7236809730529785
0.9372050762176514
0.0
0.011012792587280273
0.7630646228790283
0.9688074588775635
0.0
0.014730215072631836
0.0
0.009973764419555664
1.2157776355743408
0.014203071594238281
1.0191245079040527
0.0
2.6912124156951904
0.02407550811767578
0.0
0.9163310527801514
0.01718449592590332
0.003969669342041016
1.0394906997680664
0.01187896728515625
0.9744071960449219
1.6764352321624756
0.020431041717529297
0.0059850215911865234
0.003996133804321289
0.0059757232666015625
0.6491637229919434
2.1041903495788574
0.9714968204498291
0.010543346405029297
0.8052573204040527
0.5020508766174316
0.5041823387145996
0.9510042667388916
0.01636648178100586
2.8763644695281982
1.2846932411193848
0.026136398315429688
0.033976078033447266
0.8319134712219238
0.015105485916137695
0.009890079498291016
0.003979682922363281
0.008992671966552734
0.8715846538543701
0.009949207305908203
0.5719268321990967
0.6905534267425537
1.1440751552581787
0.008517026901245117
0.004428386688232422
0.970207929611206
0.0
1.3459548950195312
0.0
0.016497373580932617
2.3096706867218018
0.018099308013916016
1.084594488143921
0.01256704330444336
0.003989696502685547
0.0034799575805664062
0.47943115234375
0.0030405521392822266
1.103388786315918
0.0
0.010769844055175781
0.001008749008178711
0.0004649162292480469
0.0031838417053222656
0.8642642498016357
0.011764764785766602
0.0
0.00698089599609375
0.017388582229614258
0.8031775951385498
0.0
0.01605820655822754
0.2846660614013672
3.429694414138794
0.00859832763671875
0.0036776065826416016
0.6448891162872314
0.037450551986694336
0.04484987258911133
0.03432440757751465
0.7384934425354004
0.0305178165435791
0.0073206424713134766
2.0759360790252686
0.008393526077270508
0.0022699832916259766
0.010583639144897461
0.012029647827148438
0.0009791851043701172
0.0196993350982666
0.04643750190734863
0.0071718692779541016
0.07891964912414551
0.8656566143035889
0.7191357612609863
0.008963823318481445
0.03151297569274902
0.014183998107910156
0.0009984970092773438
0.003988742828369141
0.013769388198852539
0.8990635871887207
0.008057832717895508
0.007979869842529297
0.003987550735473633
0.8755340576171875
0.02319502830505371
0.6688277721405029
0.9334986209869385
0.5319044589996338
0.0
0.006452322006225586
0.414278507232666
0.9952552318572998
0.00301361083984375
0.007817745208740234
0.006263017654418945
0.011084794998168945
0.18857288360595703
0.22219157218933105
1.0024158954620361
1.0337107181549072
0.01939988136291504
1.0520086288452148
0.024097442626953125
0.023232221603393555
0.0
0.0009970664978027344
0.7473056316375732
0.022115230560302734
0.8484108448028564
0.48529934883117676
0.012686729431152344
0.6353058815002441
0.015802860260009766
0.8397941589355469
0.007102251052856445
0.005984783172607422
0.005985736846923828
1.2566697597503662
0.008652687072753906
0.02586674690246582
0.0010020732879638672
0.01127934455871582
0.00873875617980957
0.012965679168701172
0.003991127014160156
0.018805265426635742
0.01397085189819336
0.8848967552185059
0.015777111053466797
0.0023527145385742188
0.014075994491577148
0.7732129096984863
0.014139175415039062
0.3020155429840088
1.2889325618743896
0.0
0.008389711380004883
0.01196742057800293
1.3190374374389648
0.008858919143676758
1.3454549312591553
0.0150604248046875
0.013534784317016602
0.00299072265625
0.0030689239501953125
0.007008075714111328
0.6055045127868652
0.9368104934692383
0.008817434310913086
0.545172929763794
1.365400791168213
0.0
0.35394906997680664
1.0808961391448975
0.8428995609283447
0.0
0.715700626373291
0.029302120208740234
0.0008060932159423828
0.8670482635498047
0.9722492694854736
0.007755756378173828
0.0009965896606445312
1.149531364440918
0.009198665618896484
0.006981372833251953
1.07076096534729
0.035678863525390625
0.034685373306274414
0.030533790588378906
0.004239797592163086
0.007695198059082031
0.5397684574127197
0.006495475769042969
0.004997968673706055
0.9953289031982422
0.015800952911376953
0.010972023010253906
0.0009961128234863281
0.00704193115234375
0.019014596939086914
0.9287440776824951
0.03325200080871582
0.19828248023986816
1.22682785987854
0.021479368209838867
0.6035387516021729
0.9874138832092285
0.003942012786865234
0.30060553550720215
0.0
0.36351943016052246
1.4804394245147705
2.3202731609344482
0.0
1.2259316444396973
0.0
0.008614540100097656
0.005014657974243164
0.015339136123657227
0.6421349048614502
0.4168250560760498
0.005789279937744141
2.1207709312438965
0.6461503505706787
0.01576542854309082
0.02601337432861328
0.0
0.01722407341003418
0.008002519607543945
0.016034364700317383
1.6293885707855225
0.0
1.1251888275146484
0.009701967239379883
0.02740764617919922
0.0010004043579101562
0.0009965896606445312
0.003989219665527344
0.6013100147247314
0.01573038101196289
0.0
0.01786351203918457
1.1006579399108887
0.2705233097076416
0.026519775390625
0.8845763206481934
0.01955580711364746
0.18220996856689453
1.4222986698150635
0.0138092041015625
0.004472494125366211
0.007902860641479492
0.0039899349212646484
0.00897526741027832
0.008977413177490234
0.007977724075317383
0.008975744247436523
0.0
1.037977933883667
0.8870136737823486
0.022796630859375
1.6133317947387695
0.014442205429077148
0.0008695125579833984
0.00599360466003418
0.8399844169616699
0.7490124702453613
0.009316444396972656
0.03226113319396973
0.0009980201721191406
0.9380660057067871
0.0
0.0016558170318603516
1.5259373188018799
0.0
0.215590238571167
2.173529863357544
0.007213115692138672
0.010971546173095703
0.02500319480895996
0.016068220138549805
0.0010170936584472656
0.918311357498169
0.03403282165527344
1.130444049835205
0.012627840042114258
0.033045291900634766
0.0
0.0010144710540771484
0.012142419815063477
1.7888617515563965
0.014194250106811523
0.0021071434020996094
1.0499374866485596
0.024232864379882812
0.0019958019256591797
0.8918824195861816
0.7021610736846924
1.0055346488952637
0.020102739334106445
0.006982564926147461
1.7303493022918701
0.0
0.4164602756500244
1.0630919933319092
0.7036159038543701
0.6482141017913818
0.01639103889465332
0.05313706398010254
0.6469950675964355
0.8547763824462891
1.2027745246887207
0.83286452293396
0.8586874008178711
1.1867005825042725
0.0
0.08880305290222168
0.0
0.7260982990264893
0.005546092987060547
0.4590129852294922
1.3711566925048828
0.0029964447021484375
0.006980180740356445
0.9878108501434326
0.0049817562103271484
0.0069811344146728516
0.007979631423950195
0.0
0.007977962493896484
0.00897669792175293
0.000997304916381836
0.6069803237915039
0.01864480972290039
0.00298309326171875
0.310321569442749
0.75455641746521
1.1720151901245117
0.1784806251525879
0.0
1.4424996376037598
0.0
0.7645180225372314
0.505206823348999
0.011892557144165039
1.9633448123931885
0.0
0.012688398361206055
0.0
0.015956401824951172
0.0
0.0162661075592041
0.6460287570953369
0.013064146041870117
0.3597276210784912
0.0
1.8813724517822266
0.0
0.7023518085479736
0.0
0.0035092830657958984
0.0
1.0210673809051514
0.0
0.00766754150390625
0.023427248001098633
1.2592072486877441
0.9493656158447266
0.3124856948852539
0.7850279808044434
0.5103940963745117
0.021250247955322266
0.2788660526275635
0.8975212574005127
1.0416529178619385
0.0
0.00797724723815918
0.004987478256225586
0.9015522003173828
0.004998922348022461
0.7257487773895264
0.0009965896606445312
0.48520827293395996
1.567157506942749
0.0009970664978027344
0.5131256580352783
0.018557310104370117
1.268470287322998
0.9866738319396973
0.012572050094604492
1.4416871070861816
0.011296510696411133
0.002976655960083008
0.012273550033569336
0.009973526000976562
0.0109710693359375
0.001994609832763672
1.3102355003356934
0.0029447078704833984
0.0039904117584228516
0.610135555267334
0.41701674461364746
1.399836540222168
0.025149106979370117
0.692678689956665
0.0
0.7150721549987793
0.015404462814331055
0.3009319305419922
0.5386257171630859
0.006997585296630859
0.0
0.6410093307495117
0.01908731460571289
0.8360714912414551
0.7062103748321533
0.03395843505859375
0.0
0.0011184215545654297
1.025864839553833
0.009760141372680664
0.007004976272583008
0.0
0.011689424514770508
0.0009870529174804688
1.0266292095184326
1.1686971187591553
0.016637802124023438
0.6292271614074707
0.8365957736968994
0.8056557178497314
1.07902193069458
0.007145881652832031
0.01578664779663086
0.5287613868713379
0.0
0.0012545585632324219
0.5854353904724121
0.0
0.01158452033996582
0.696627140045166
0.7375309467315674
0.02196335792541504
0.0
0.002542734146118164
0.5786774158477783
0.9209885597229004
0.03014087677001953
0.5100760459899902
0.4723086357116699
0.9023656845092773
0.0
1.2656075954437256
0.01747608184814453
0.0
0.004010200500488281
0.022610902786254883
0.0
0.7944135665893555
0.02485489845275879
0.0
1.4234495162963867
0.5197415351867676
1.0564842224121094
0.012054443359375
0.7748231887817383
1.2265374660491943
1.5044434070587158
0.006015300750732422
8.273124694824219e-05
0.0
1.5251989364624023
0.0
0.026105880737304688
0.0010066032409667969
0.5424389839172363
0.0
0.02027153968811035
0.8151125907897949
1.632392168045044
0.0
0.001077890396118164
0.7853643894195557
0.02367258071899414
0.37746405601501465
0.0
0.021233081817626953
2.0220742225646973
0.031131744384765625
0.03757357597351074
0.024461030960083008
0.04326915740966797
0.0715019702911377
2.4872121810913086
0.0
0.03704667091369629
1.3842167854309082
0.7042458057403564
0.010111808776855469
1.1711585521697998
0.0
0.028819799423217773
0.0019948482513427734
0.019105195999145508
0.0
0.7684662342071533
0.010594606399536133
0.007593870162963867
0.010065555572509766
0.43717527389526367
1.2415363788604736
0.007387399673461914
0.0029840469360351562
0.00439763069152832
0.02243208885192871
0.007653713226318359
0.012015104293823242
0.6499474048614502
0.010783672332763672
0.01096963882446289
0.0009989738464355469
0.5802404880523682
0.012519359588623047
0.8408603668212891
0.0
0.3031198978424072
0.9590432643890381
0.0
1.0967345237731934
0.0047454833984375
0.004511833190917969
0.006010293960571289
0.006981372833251953
0.008978843688964844
0.0010061264038085938
0.004973649978637695
0.004987239837646484
2.344250202178955
0.020346403121948242
0.0009238719940185547
0.0
0.0009875297546386719
0.005028486251831055
0.8096001148223877
0.6816432476043701
0.006316661834716797
0.0030303001403808594
0.0012664794921875
0.006238222122192383
0.01779627799987793
0.8235960006713867
0.9939854145050049
0.0
0.012015104293823242
1.333996295928955
1.0528650283813477
0.006798267364501953
0.4845449924468994
0.3424806594848633
0.6022622585296631
0.3477306365966797
0.02326035499572754
0.016473054885864258
0.9704723358154297
0.0
0.01003718376159668
0.009379148483276367
0.8989861011505127
0.8552439212799072
0.6369187831878662
0.756758451461792
0.9772415161132812
0.0
0.7595975399017334
0.0
0.014231681823730469
0.000997304916381836
0.004021406173706055
1.4945087432861328
0.016414403915405273
0.013962507247924805
1.0744216442108154
1.9908175468444824
1.0612633228302002
0.015405893325805664
0.00014710426330566406
0.4019792079925537
1.0210354328155518
0.02106785774230957
0.0010101795196533203
0.0
0.010916948318481445
0.01994776725769043
0.017462968826293945
0.0009016990661621094
0.0070323944091796875
3.195488929748535
0.013349771499633789
0.0019621849060058594
0.00708460807800293
0.008975028991699219
2.4421474933624268
0.021930456161499023
0.015946626663208008
0.017953157424926758
0.9533741474151611
0.01020669937133789
0.007980108261108398
0.5066754817962646
1.3197481632232666
1.2167158126831055
0.01444101333618164
0.003985881805419922
0.006670713424682617
0.004995822906494141
0.0039827823638916016
2.1938934326171875
0.0
0.46739983558654785
0.7893340587615967
1.183088779449463
0.06852865219116211
0.3791337013244629
0.6423830986022949
1.2702648639678955
0.028830766677856445
0.7298123836517334
0.0
0.5348174571990967
0.0
0.012119293212890625
0.5837914943695068
0.0
0.010062932968139648
0.8954689502716064
1.6622669696807861
1.7261121273040771
0.003996372222900391
0.5781104564666748
0.0
1.7190029621124268
0.011212587356567383
0.005995750427246094
0.013083457946777344
0.014630794525146484
0.009167194366455078
0.0
0.005988121032714844
0.5784399509429932
0.8871457576751709
0.015369892120361328
0.0002675056457519531
0.018540620803833008
0.0
0.5987827777862549
0.0
0.6553239822387695
0.9631059169769287
0.0
0.03097391128540039
2.137169599533081
0.07516050338745117
0.04508471488952637
0.0
0.04754209518432617
0.0
0.034845590591430664
0.05864858627319336
0.009687423706054688
0.4550480842590332
1.3951976299285889
0.018795490264892578
0.9490001201629639
0.604799747467041
1.5233991146087646
0.0
0.5701110363006592
1.0055711269378662
0.6825962066650391
0.02257394790649414
0.0029370784759521484
0.007980108261108398
0.7174742221832275
0.009840965270996094
0.016960859298706055
0.8131086826324463
0.03289198875427246
0.02618122100830078
0.45787978172302246
0.5638449192047119
0.019627809524536133
0.0755159854888916
0.015371561050415039
0.0003185272216796875
0.8949477672576904
0.5438146591186523
0.013903379440307617
1.5281355381011963
0.0177915096282959
0.6032207012176514
0.011826038360595703
1.1324360370635986
0.02187204360961914
0.9112226963043213
0.34815216064453125
1.0415656566619873
0.010463953018188477
0.003990888595581055
0.00922083854675293
0.8492512702941895
0.05054187774658203
0.7757585048675537
0.7787232398986816
1.2597720623016357
0.0
0.005378007888793945
0.004342555999755859
1.371586561203003
0.0
0.939124345779419
0.015700817108154297
0.006600618362426758
0.0005691051483154297
0.016629457473754883
0.8541297912597656
0.012450456619262695
0.017339706420898438
0.00201416015625
0.7527434825897217
0.686870813369751
0.011156797409057617
0.5457086563110352
0.02022409439086914
0.009037017822265625
0.8992202281951904
0.7898328304290771
0.0
0.03979349136352539
0.9658262729644775
0.0
0.4180614948272705
0.01691126823425293
0.006891965866088867
0.7848076820373535
0.0
0.6165895462036133
0.00848245620727539
0.007799386978149414
2.378296136856079
0.0
0.011577606201171875
0.022598981857299805
0.9738318920135498
1.5674302577972412
0.012347698211669922
0.9900081157684326
0.8938064575195312
0.3892385959625244
0.7268853187561035
0.019479990005493164
2.4584157466888428
0.014571189880371094
0.006749629974365234
0.9313521385192871
0.014901161193847656
0.004729747772216797
0.010467529296875
0.6093704700469971
1.6006219387054443
0.00947260856628418
0.7227461338043213
0.01296091079711914
0.01140284538269043
1.078256607055664
0.26962852478027344
0.0
0.016348600387573242
0.0
0.0009968280792236328
0.007018566131591797
0.6251094341278076
0.784623384475708
0.0
0.0025408267974853516
0.0
0.0
0.6235997676849365
0.0010988712310791016
0.005246162414550781
0.002306699752807617
0.009793758392333984
0.01078939437866211
2.169133424758911
1.0178892612457275
0.012056112289428711
0.012876510620117188
0.001001119613647461
0.0
0.9961504936218262
0.7237546443939209
0.0
0.4235115051269531
0.0
0.533421516418457
0.005101919174194336
0.011023998260498047
0.0009980201721191406
0.018635988235473633
0.0010025501251220703
0.0009951591491699219
1.6154625415802002
0.009064912796020508
0.5388779640197754
0.016384363174438477
0.0010120868682861328
0.003313779830932617
0.012146949768066406
0.8157029151916504
0.008892536163330078
0.781029224395752
0.4379403591156006
0.03169441223144531
0.748363733291626
0.05045127868652344
0.5760483741760254
1.009810447692871
0.0
0.010027647018432617
0.0
0.015330314636230469
1.0015525817871094
0.0
0.0030868053436279297
0.0073964595794677734
0.00859975814819336
0.0
0.28191566467285156
0.9339206218719482
0.019712209701538086
0.0009906291961669922
0.4576594829559326
1.5309257507324219
0.017879486083984375
0.7133615016937256
0.009534597396850586
0.0029573440551757812
0.4081261157989502
0.627648115158081
0.36481690406799316
1.3599121570587158
0.025795936584472656
0.0005447864532470703
0.0
3.4162192344665527
0.02735280990600586
0.0015401840209960938
0.0012180805206298828
0.00407099723815918
0.4722421169281006
0.02000260353088379
0.011950254440307617
1.4806137084960938
0.25717616081237793
0.019221067428588867
0.5854358673095703
0.009515047073364258
0.005985260009765625
0.18517303466796875
0.007475137710571289
1.1610369682312012
0.03775811195373535
2.1112618446350098
0.00865316390991211
1.2419307231903076
0.019360780715942383
0.005970954895019531
0.5240240097045898
0.7752730846405029
0.35166335105895996
0.01003718376159668
0.9201517105102539
1.149770975112915
0.6702611446380615
0.7325654029846191
0.0
0.0065631866455078125
0.2807023525238037
0.8663935661315918
0.579064130783081
0.007120370864868164
0.01901388168334961
0.005878925323486328
0.00758671760559082
0.4148216247558594
0.010241031646728516
0.9885673522949219
0.6166391372680664
0.018175601959228516
0.5984387397766113
0.019690752029418945
0.3349144458770752
0.012084484100341797
0.8603498935699463
0.0
0.006093740463256836
0.502105712890625
0.011396169662475586
0.005774974822998047
0.4881279468536377
0.9730522632598877
0.02435016632080078
0.7997081279754639
1.0561182498931885
0.42450428009033203
0.18448853492736816
1.0728988647460938
1.3556361198425293
0.029386281967163086
1.004486322402954
0.0
0.6325333118438721
0.0
0.009267330169677734
0.6341671943664551
1.8583781719207764
0.0
0.34198784828186035
0.0
0.0041751861572265625
0.8304986953735352
0.022556304931640625
0.01122736930847168
1.408177137374878
0.005022287368774414
0.013971805572509766
0.0
0.005975246429443359
0.007982730865478516
0.8138294219970703
0.008710384368896484
1.3478662967681885
0.0
0.002980947494506836
0.9811398983001709
0.01196742057800293
0.32045841217041016
0.8798956871032715
1.5724165439605713
0.0
1.8043320178985596
0.8018534183502197
0.00909280776977539
0.007041215896606445
0.0039288997650146484
0.5220756530761719
0.015391826629638672
0.5012917518615723
0.01134181022644043
0.0019941329956054688
0.6569716930389404
1.2265398502349854
0.01508951187133789
0.03116607666015625
0.02332162857055664
0.00538325309753418
0.0
0.9868369102478027
0.017122983932495117
1.1610898971557617
0.00545191764831543
0.0057392120361328125
0.009689569473266602
0.0009884834289550781
0.019109249114990234
0.0
0.015357017517089844
0.47567033767700195
0.7333385944366455
0.0
0.6880319118499756
0.0
0.8659639358520508
0.011579036712646484
0.9992868900299072
0.0
0.0075283050537109375
0.003245115280151367
1.149278163909912
0.0
0.006900310516357422
0.5157902240753174
0.0
0.5709304809570312
0.9015440940856934
0.0045697689056396484
1.0667526721954346
0.018097400665283203
0.0022323131561279297
0.012244462966918945
0.4843270778656006
1.8248493671417236
0.03151655197143555
0.9460444450378418
0.008019447326660156
0.004248619079589844
0.007568836212158203
0.004977226257324219
2.085465431213379
0.022104501724243164
0.013135671615600586
1.0373036861419678
0.012768745422363281
1.0608510971069336
0.5157506465911865
0.7043554782867432
0.005843400955200195
0.013405323028564453
1.4203214645385742
0.05639171600341797
0.04448652267456055
0.05077648162841797
0.049230098724365234
0.027464866638183594
0.01883697509765625
0.11771607398986816
0.01867842674255371
0.6714286804199219
0.007880210876464844
0.7516329288482666
0.0
0.9217212200164795
2.2888131141662598
0.0
0.0009481906890869141
0.0
0.0010013580322265625
0.33755040168762207
0.44774436950683594
1.3322482109069824
0.007493019104003906
0.9056720733642578
0.00931406021118164
0.016637325286865234
0.0050051212310791016
0.0140838623046875
0.001966714859008789
1.8037831783294678
0.03287029266357422
0.0
0.009379386901855469
0.4278254508972168
1.1694064140319824
0.0
0.005675077438354492
0.024448156356811523
0.0062716007232666016
0.0009496212005615234
0.008969306945800781
0.012928962707519531
0.0041310787200927734
0.003004312515258789
0.0050983428955078125
0.01354670524597168
0.005046844482421875
0.6006839275360107
0.007413148880004883
0.006082773208618164
0.0039920806884765625
0.011417865753173828
0.5887296199798584
0.016315221786499023
0.00469517707824707
0.012401819229125977
0.008979558944702148
0.002992868423461914
0.016012907028198242
0.006980180740356445
0.001008749008178711
0.45102834701538086
0.9011681079864502
0.012004375457763672
1.0440857410430908
0.0075206756591796875
0.006591320037841797
0.005930662155151367
0.002994060516357422
0.006978273391723633
0.010514020919799805
1.2654101848602295
0.6344506740570068
0.0
0.8623156547546387
0.03423762321472168
0.022544384002685547
0.8515350818634033
0.02189159393310547
0.0
0.3259456157684326
0.03723454475402832
0.5325267314910889
0.9022862911224365
0.0
0.33306264877319336
1.4590954780578613
0.0
0.013738632202148438
0.5207514762878418
0.0
0.5683994293212891
0.9952144622802734
1.1084568500518799
0.0
0.006342649459838867
0.0009975433349609375
1.121983528137207
0.0
0.8570723533630371
0.007968902587890625
0.001994609832763672
0.007991790771484375
0.006968259811401367
0.7333662509918213
0.006148815155029297
0.004050493240356445
0.020762205123901367
0.7964532375335693
1.0540733337402344
0.0
0.0014667510986328125
0.001007080078125
0.021462202072143555
1.0171899795532227
0.0
0.009984493255615234
0.5412154197692871
0.009469032287597656
0.015433549880981445
0.0005409717559814453
0.7211313247680664
0.7297868728637695
1.0627515316009521
1.0065536499023438
0.01266336441040039
0.0040438175201416016
0.21453857421875
0.5047659873962402
0.8626458644866943
0.0
0.013191461563110352
0.0
0.7923955917358398
0.008149385452270508
0.5834665298461914
0.0
0.011078834533691406
0.0
0.000997304916381836
0.0029921531677246094
0.0010113716125488281
0.0843815803527832
0.5117101669311523
0.0
0.5340869426727295
0.2695598602294922
0.0
1.0371572971343994
0.024328231811523438
0.005324363708496094
1.7436602115631104
0.05271124839782715
0.018925189971923828
0.027468204498291016
2.8991494178771973
0.6827511787414551
0.0
0.011860132217407227
0.014139652252197266
0.001001596450805664
0.8504645824432373
0.8918044567108154
0.017926454544067383
0.010309457778930664
0.9914934635162354
0.00485992431640625
0.6466555595397949
0.5734312534332275
1.3876497745513916
1.2498514652252197
0.0
0.010682821273803711
0.7762308120727539
0.022411346435546875
1.1796739101409912
0.01544332504272461
0.019902944564819336
0.0010030269622802734
0.0009970664978027344
0.009157657623291016
0.921863317489624
0.4010491371154785
0.01697373390197754
0.6098291873931885
0.025299072265625
0.013650894165039062
0.0016999244689941406
1.001976728439331
0.0
0.010596275329589844
0.003956317901611328
0.892932653427124
0.006371021270751953
0.8875749111175537
0.011899471282958984
0.0025010108947753906
1.12733793258667
1.198056697845459
0.0
0.024617910385131836
1.1005620956420898
0.7855923175811768
0.013550043106079102
0.45017433166503906
0.6553225517272949
0.007775783538818359
1.0463359355926514
0.007285594940185547
0.011345386505126953
0.7111201286315918
0.018149614334106445
0.015010356903076172
0.0009472370147705078
1.0124988555908203
0.018187999725341797
1.1483197212219238
0.02759718894958496
0.005802154541015625
0.7042763233184814
0.031815290451049805
0.6852247714996338
0.05315423011779785
0.009008646011352539
0.031137943267822266
1.7585742473602295
0.01002192497253418
0.0
0.010390758514404297
0.018994569778442383
0.004987239837646484
1.4280757904052734
0.014493942260742188
0.013898134231567383
0.0007054805755615234
0.7450637817382812
0.003590106964111328
0.8502223491668701
0.0
0.011153936386108398
0.011931657791137695
1.9862666130065918
0.012020587921142578
0.0
2.05631685256958
0.0
0.4695401191711426
0.7636334896087646
0.015897035598754883
1.085111379623413
0.4231233596801758
0.0029380321502685547
0.8749902248382568
0.023377418518066406
0.7801215648651123
0.016896963119506836
0.7326056957244873
0.01000213623046875
0.7867326736450195
0.6087806224822998
0.01200556755065918
0.0030202865600585938
1.153742790222168
0.0
0.9520087242126465
0.0
0.008981704711914062
0.987135648727417
0.016156435012817383
0.0009372234344482422
0.008359432220458984
0.7936201095581055
0.46946072578430176
0.007146120071411133
1.926999807357788
0.004907846450805664
0.0029926300048828125
0.015187740325927734
0.7525789737701416
2.9840056896209717
0.0
0.013391733169555664
0.004347801208496094
0.006978750228881836
0.7639765739440918
0.0
0.4238612651824951
0.005616903305053711
0.004128932952880859
0.007363557815551758
0.006479978561401367
0.8045835494995117
0.20046591758728027
1.0603880882263184
0.014316558837890625
0.3557438850402832
0.4673330783843994
0.47068071365356445
0.021595478057861328
0.001959085464477539
0.015421390533447266
0.6312956809997559
0.015381336212158203
0.23239564895629883
0.5723397731781006
0.0
0.3597075939178467
0.27899837493896484
0.7424964904785156
0.0
0.4012479782104492
0.6381931304931641
0.01772785186767578
0.012488842010498047
0.011041402816772461
0.01381230354309082
0.008220434188842773
0.9694085121154785
0.0
0.0012142658233642578
0.0009970664978027344
0.0004901885986328125
0.9849228858947754
1.0466773509979248
0.01655721664428711
0.9723513126373291
0.01399540901184082
1.2714660167694092
0.0
0.012740135192871094
0.0
0.0010001659393310547
1.0324249267578125
1.3513126373291016
0.014932394027709961
0.005735874176025391
0.008285999298095703
0.00095367431640625
0.7405993938446045
0.7514641284942627
0.04571866989135742
0.0
0.4190080165863037
0.7750589847564697
0.00908350944519043
0.8763101100921631
0.0
0.972900390625
0.006606101989746094
0.007170200347900391
0.6386716365814209
0.0
0.011190414428710938
0.7423288822174072
0.10697269439697266
0.023673295974731445
0.0008387565612792969
1.469308614730835
0.2698240280151367
0.6050472259521484
1.0224082469940186
0.9818122386932373
0.025183677673339844
2.558685064315796
0.5566928386688232
0.025027990341186523
0.34492015838623047
0.9053266048431396
0.03313088417053223
0.4559316635131836
0.02651381492614746
0.9376938343048096
0.05450725555419922
0.26198267936706543
0.740025520324707
0.008953094482421875
0.7918932437896729
0.010043144226074219
0.0030066967010498047
0.005982398986816406
0.00799107551574707
1.2578129768371582
0.006219148635864258
0.015856504440307617
0.0
0.6809029579162598
0.0
1.1324732303619385
0.992680549621582
0.022387266159057617
0.02721405029296875
0.0008232593536376953
0.0
0.0009968280792236328
0.9616498947143555
0.0087738037109375
0.006956815719604492
1.6880323886871338
0.0
0.0048863887786865234
0.982537031173706
0.027991056442260742
1.1969783306121826
0.0
1.0193936824798584
0.009395360946655273
0.0
0.02942180633544922
0.0
0.005152702331542969
0.0010077953338623047
1.325317144393921
0.015720129013061523
0.006983280181884766
0.0010352134704589844
0.005943775177001953
0.8576266765594482
0.006569385528564453
0.6429998874664307
1.6235849857330322
1.0450873374938965
0.025023460388183594
0.003924846649169922
0.014959096908569336
0.020850181579589844
0.5247883796691895
0.7482643127441406
1.0481245517730713
0.0
0.012934684753417969
0.0
0.0033774375915527344
1.4793872833251953
0.009716033935546875
0.6920254230499268
0.008588314056396484
0.9709699153900146
0.015607833862304688
1.294969081878662
1.589238166809082
0.015369653701782227
0.00016617774963378906
0.0009980201721191406
1.7876195907592773
0.013611078262329102
0.0
0.008768796920776367
0.008630990982055664
0.9066295623779297
0.7201671600341797
0.0
0.023778915405273438
0.7309443950653076
0.01829981803894043
0.003177165985107422
0.36635828018188477
1.0155928134918213
1.11338472366333
0.014257192611694336
0.0009970664978027344
0.0029914379119873047
0.010971307754516602
1.2902801036834717
0.010132789611816406
1.4037666320800781
0.0
0.011570453643798828
0.0
1.6046762466430664
1.6967597007751465
0.010623931884765625
0.014915227890014648
0.00613713264465332
0.007977485656738281
0.19829106330871582
0.7487373352050781
0.009847402572631836
0.7441666126251221
0.009990215301513672
0.7586729526519775
0.01774311065673828
0.38701772689819336
2.3856089115142822
0.3895547389984131
2.8016369342803955
0.06253600120544434
0.5782468318939209
0.012802600860595703
0.017966508865356445
1.0888330936431885
1.471104621887207
0.03258776664733887
0.0
0.760486364364624
0.008160114288330078
0.9823775291442871
0.4862093925476074
1.4126002788543701
3.6399197578430176
0.0
0.010816574096679688
0.5667884349822998
0.0
0.006490230560302734
1.532804250717163
0.031909942626953125
0.0
0.0011289119720458984
0.00498652458190918
0.007978439331054688
0.326507568359375
0.0046155452728271484
0.4810364246368408
0.6635181903839111
0.02342700958251953
0.6006340980529785
0.024359464645385742
0.9418702125549316
0.0
0.01175832748413086
0.0009970664978027344
0.003428936004638672
0.6177778244018555
0.0
1.0500717163085938
0.02155613899230957
0.0010364055633544922
0.0070765018463134766
0.011970996856689453
0.008036375045776367
0.7455379962921143
0.9840643405914307
1.5312225818634033
0.012485980987548828
1.0557379722595215
0.034987449645996094
0.0
0.01130223274230957
1.1065740585327148
0.8957087993621826
0.739964485168457
0.0
1.109952449798584
0.011554241180419922
0.9524753093719482
0.03582930564880371
0.039549827575683594
0.0165402889251709
0.02517414093017578
0.853931188583374
0.7570483684539795
0.0
0.7558519840240479
0.0053958892822265625
1.1032376289367676
0.9398975372314453
0.017624616622924805
0.010293006896972656
0.002743244171142578
0.0029926300048828125
0.8354744911193848
0.0224301815032959
0.41217684745788574
0.0
1.152437686920166
0.015395402908325195
0.001184225082397461
0.620842695236206
0.02660202980041504
0.0
0.17388248443603516
0.42421460151672363
2.1438369750976562
0.005099058151245117
0.0026040077209472656
0.34798550605773926
0.005036115646362305
0.0035300254821777344
0.7087790966033936
0.004175662994384766
0.00599360466003418
0.005030632019042969
0.009920597076416016
0.22842836380004883
1.4791598320007324
0.8556745052337646
0.012375831604003906
0.00797724723815918
0.011051416397094727
0.4273550510406494
1.1057360172271729
0.010998249053955078
0.0009980201721191406
0.01518559455871582
0.8038015365600586
0.021544933319091797
0.8747024536132812
0.8227229118347168
1.3492774963378906
0.004817485809326172
0.01185297966003418
0.0010128021240234375
0.010085821151733398
1.1376228332519531
0.0
0.014082193374633789
0.5372562408447266
0.014281272888183594
0.9464073181152344
0.006256580352783203
0.014428138732910156
0.010973453521728516
0.012353181838989258
0.8112399578094482
0.0051915645599365234
0.7967116832733154
0.6544439792633057
3.0008974075317383
0.0
0.0011970996856689453
0.0009987354278564453
1.8652873039245605
0.0
0.010526180267333984
1.2157928943634033
0.014235496520996094
0.004831790924072266
0.9776561260223389
0.0
0.010704755783081055
0.0
1.0938811302185059
0.0383458137512207
1.0415866374969482
0.007201433181762695
0.008401632308959961
0.010027885437011719
0.01666712760925293
0.007981061935424805
0.00924372673034668
0.8436834812164307
0.006400585174560547
0.003984689712524414
0.8765342235565186
0.6625208854675293
0.0
0.033106327056884766
0.7550075054168701
1.5291669368743896
0.3632168769836426
1.0074682235717773
0.02149486541748047
2.840372085571289
0.9276027679443359
0.0292050838470459
0.9922165870666504
0.0
0.7168488502502441
0.05331850051879883
1.364271879196167
0.7590124607086182
0.5369155406951904
0.8745691776275635
